
function output = getShots2019()

shots = [178353, 178354, 178355, 178356, 178357, 178360, 178361, 178440, 178441, 178442, 178443, 178444, 178445, 178446, 178447, 178448, 178449, 178450, 178453, 178478, 178494, 178481, 178486, 178487, 178489, 178520, 178521, 178522, 178493, 178509, 178510, 178512, 178513, 178514, 178515, 178516, 178517, 178518, 178519, 178495, 178496, 178503, 178507, 178508, 178526, 178529, 178530, 178531, 178532, 178533, 178534, 178535, 178523, 178524, 178552, 178553, 178555, 178556, 178557, 178558, 178559, 178560, 178561, 178562, 178536, 178537, 178538, 178543, 178544, 178545, 178547, 178548, 178566, 178567, 178568, 178569, 178570, 178572, 178599, 178595, 178597, 178598, 178615, 178600, 178601, 178603, 178607, 178608, 178609, 178612, 178616, 178617, 178618, 178619, 178620, 178621, 178622, 178627, 178643, 178633, 178634, 178635, 178636, 178637, 178639, 178640, 178641, 178642, 178646, 178647, 178648, 178649, 178650, 178651, 178652, 178653, 178654, 178655, 178710, 178667, 178703, 178704, 178705, 178706, 178708, 178709, 178711, 178712, 178713, 178714, 178715, 178716, 178717, 178718, 178719, 178724, 178727, 178733, 178735, 178737, 178752, 178799, 178800, 178801, 178802, 178773, 178795, 178796, 178797, 178798, 178813, 178814, 178815, 178816, 178817, 178820, 178835, 178828, 178829, 178831, 178833, 178834, 178867, 178836, 178837, 178838, 178839, 178840, 178841, 178842, 178863, 178866, 178880, 178868, 178869, 178870, 178871, 178872, 178875, 178876, 178877, 178878, 178879, 178908, 178897, 178898, 178899, 178900, 178901, 178902, 178903, 178904, 178905, 178906, 178907, 178921, 178909, 178910, 178911, 178912, 178913, 178914, 178915, 178916, 178917, 178918, 178947, 178948, 178949, 178950, 178920, 178937, 178938, 178939, 178940, 178941, 178942, 178943, 178944, 178945, 178946, 178924, 178927, 178928, 178931, 178932, 178933, 178934, 178935, 178936, 178971, 178972, 178973, 178974, 178951, 178975, 178976, 178977, 178978, 178979, 178982, 179021, 178988, 178994, 178995, 178996, 178998, 179001, 179003, 179004, 179007, 179009, 179010, 179011, 179020, 179022, 179024, 179026, 179027, 179028, 179031, 179048, 179039, 179040, 179041, 179042, 179043, 179044, 179045, 179085, 179086, 179046, 179073, 179049, 179050, 179051, 179064, 179065, 179066, 179067, 179068, 179069, 179070, 179071, 179072, 179074, 179075, 179076, 179077, 179078, 179079, 179082, 179083, 179102, 179125, 179103, 179104, 179105, 179106, 179108, 179109, 179110, 179111, 179101, 179112, 179113, 179115, 179116, 179117, 179118, 179119, 179120, 179122, 179123, 179124, 179126, 179153, 179129, 179130, 179131, 179132, 179133, 179134, 179135, 179136, 179137, 179141, 179142, 179143, 179144, 179145, 179146, 179148, 179150, 179151, 179152, 179138, 179139, 179140, 179154, 179155, 179156, 179157, 179158, 179159, 179162, 179163, 179164, 179165, 179166, 179167, 179168, 179181, 179169, 179170, 179171, 179172, 179173, 179174, 179175, 179176, 179177, 179178, 179179, 179180, 179195, 179182, 179183, 179184, 179185, 179186, 179188, 179189, 179190, 179191, 179192, 179193, 179194, 179210, 179196, 179197, 179198, 179199, 179200, 179203, 179204, 179205, 179232, 179233, 179207, 179208, 179209, 179223, 179211, 179212, 179213, 179214, 179215, 179216, 179217, 179218, 179219, 179220, 179221, 179222, 179230, 179309, 179308, 179242, 179310, 179311, 179314, 179315, 179317, 179318, 179319, 179320, 179321, 179322, 179323, 179324, 179325, 179326, 179327, 179328, 179329, 179330, 179331, 179332, 179333, 179334, 179343, 179344, 179345, 179346, 179347, 179348, 179349, 179350, 179351, 179381, 179382, 179367, 179368, 179370, 179371, 179372, 179373, 179374, 179375, 179376, 179379, 179380, 179355, 179356, 179357, 179358, 179359, 179360, 179361, 179362, 179363, 179364, 179365, 179366, 179384, 179386, 179388, 179389, 179390, 179391, 179392, 179393, 179394, 179395, 179383, 179408, 179425, 179409, 179410, 179411, 179420, 179424, 179396, 179397, 179399, 179400, 179401, 179402, 179403, 179404, 179405, 179406, 179407, 179426, 179427, 179428, 179429, 179430, 179431, 179432, 179434, 179435, 179436, 179438, 179439, 179452, 179440, 179442, 179443, 179444, 179445, 179446, 179447, 179448, 179449, 179450, 179451, 179466, 179453, 179454, 179455, 179456, 179461, 179464, 179481, 179495, 179482, 179486, 179487, 179488, 179489, 179491, 179492, 179493, 179494, 179469, 179470, 179471, 179472, 179473, 179474, 179475, 179476, 179477, 179478, 179479, 179480, 179496, 179497, 179498, 179499, 179504, 179505, 179506, 179507, 179508, 179509, 179510, 179511, 179524, 179525, 179526, 179527, 179528, 179529, 179530, 179531, 179532, 179533, 179534, 179535, 179512, 179513, 179514, 179515, 179516, 179517, 179518, 179519, 179520, 179521, 179522, 179523, 179570, 179571, 179553, 179555, 179556, 179558, 179559, 179566, 179567, 179568, 179569, 179573, 179574, 179576, 179577, 179578, 179579, 179581, 179582, 179583, 179584, 179585, 179572, 179586, 179587, 179588, 179589, 179590, 179591, 179592, 179593, 179594, 179595, 179617, 179637, 179605, 179606, 179607, 179608, 179609, 179610, 179611, 179612, 179613, 179614, 179615, 179616, 179618, 179619, 179620, 179621, 179622, 179631, 179632, 179633, 179634, 179635, 179636, 179638, 179639, 179640, 179641, 179642, 179649, 179651, 179654, 179655, 179656, 179657, 179658, 179660, 179661, 179662, 179665, 179667, 179668, 179669, 179671, 179672, 179703, 179704, 179705, 179706, 179707, 179708, 179673, 179676, 179677, 179678, 179679, 179680, 179683, 179684, 179740, 179718, 179719, 179720, 179721, 179709, 179710, 179711, 179712, 179713, 179714, 179715, 179722, 179723, 179724, 179725, 179726, 179727, 179728, 179729, 179736, 179737, 179738, 179741, 179742, 179743, 179744, 179745, 179746, 179747, 179748, 179749, 179750, 179751, 179752, 179753, 179767, 179754, 179755, 179757, 179758, 179759, 179760, 179761, 179762, 179763, 179764, 179765, 179766, 179824, 179826, 179827, 179828, 179829, 179830, 179831, 179832, 179833, 179834, 179801, 179802, 179803, 179804, 179805, 179806, 179807, 179808, 179809, 179814, 179815, 179816, 179844, 179863, 179845, 179846, 179850, 179835, 179836, 179837, 179838, 179839, 179840, 179841, 179842, 179843, 179852, 179853, 179854, 179855, 179856, 179857, 179858, 179859, 179860, 179861, 179862, 179864, 179865, 179868, 179869, 179907, 179871, 179872, 179873, 179874, 179875, 179877, 179880, 179881, 179882, 179885, 179887, 179888, 179889, 179908, 179909, 179910, 179911, 179912, 179918, 179919, 179920, 179921, 179922, 179923, 179924, 179925, 179927, 179928, 179929, 179930, 179932, 179933, 179934, 179953, 179941, 179943, 179944, 179945, 179948, 179952, 179966, 179954, 179955, 179956, 179957, 179958, 179959, 179960, 179961, 179962, 179963, 179964, 179965, 179980, 179967, 179969, 179970, 179972, 179973, 179974, 179975, 179976, 179977, 179978, 179979, 180013, 180002, 180003, 180004, 180007, 180009, 180010, 180011, 180012, 179988, 179989, 179990, 179991, 179992, 180014, 180015, 180016, 180017, 180018, 180019, 180021, 180022, 180118, 180119, 180120, 180125, 180126, 180132, 180133, 180122, 180123, 180124, 180157, 180178, 180145, 180147, 180151, 180152, 180153, 180154, 180155, 180156, 180159, 180160, 180161, 180162, 180163, 180164, 180173, 180174, 180175, 180176, 180177, 180179, 180207, 180192, 180193, 180194, 180195, 180196, 180197, 180201, 180203, 180204, 180205, 180206, 180180, 180181, 180182, 180183, 180184, 180185, 180186, 180187, 180188, 180189, 180190, 180191, 180208, 180209, 180210, 180211, 180212, 180213, 180214, 180215, 180216, 180217, 180218, 180219, 180246, 180247, 180248, 180220, 180233, 180236, 180237, 180238, 180239, 180240, 180241, 180243, 180244, 180245, 180221, 180222, 180223, 180224, 180225, 180226, 180228, 180229, 180230, 180231, 180232, 180251, 180279, 180252, 180253, 180254, 180255, 180256, 180257, 180258, 180259, 180260, 180261, 180249, 180250, 180262, 180263, 180264, 180265, 180266, 180280, 180281, 180282, 180283, 180284, 180285, 180286, 180287, 180288, 180289, 180290, 180291, 180292, 180305, 180339, 180306, 180307, 