
function output = getShots2018()

shots = [174574, 174575, 174577, 174578, 174579, 174580, 174582, 174583, 174584, 174585, 174586, 174587, 174589, 174590, 174591, 174592, 174593, 174594, 174595, 174596, 174597, 174601, 174602, 174604, 174605, 174606, 174607, 174608, 174609, 174610, 174611, 174612, 174613, 174614, 174615, 174616, 174617, 174618, 174619, 174620, 174621, 174623, 174624, 174625, 174628, 174629, 174630, 174631, 174632, 174634, 174635, 174636, 174637, 174639, 174641, 174643, 174644, 174650, 174651, 174652, 174653, 174654, 174655, 174656, 174657, 174658, 174659, 174660, 174662, 174663, 174664, 174665, 174666, 174667, 174668, 174669, 174670, 174671, 174672, 174673, 174674, 174675, 174676, 174677, 174678, 174684, 174685, 174686, 174687, 174688, 174689, 174690, 174691, 174692, 174693, 174695, 174696, 174697, 174698, 174699, 174700, 174701, 174702, 174703, 174704, 174705, 174706, 174707, 174708, 174709, 174710, 174711, 174712, 174713, 174714, 174715, 174716, 174717, 174718, 174720, 174721, 174722, 174723, 174724, 174725, 174736, 174737, 174738, 174739, 174740, 174741, 174742, 174743, 174744, 174745, 174746, 174747, 174749, 174750, 174751, 174752, 174753, 174754, 174755, 174756, 174757, 174758, 174759, 175954, 175955, 175956, 175957, 175959, 175960, 175961, 175962, 175963, 175964, 175966, 175967, 175969, 175970, 175971, 175972, 175973, 175975, 175976, 175978, 175979, 175981, 175982, 175983, 175984, 175987, 176003, 176004, 176007, 176008, 176009, 176011, 176013, 176014, 176015, 176016, 176017, 176018, 176019, 176020, 176021, 176022, 176024, 176030, 176031, 176032, 176033, 176034, 176035, 176036, 176037, 176038, 176039, 176040, 176041, 176042, 176043, 176044, 176045, 176046, 176047, 176048, 176049, 176050, 176051, 176052, 176053, 176054, 176055, 176056, 176057, 176058, 176059, 176060, 176061, 176066, 176067, 176068, 176069, 176070, 176071, 176072, 176073, 176074, 176075, 176076, 176078, 176079, 176080, 176083, 176084, 176085, 176086, 176087, 176088, 176089, 176090, 176091, 176092, 176093, 176094, 176095, 176096, 176098, 176099, 176100, 176101, 176102, 174761, 174762, 174763, 174764, 174765, 174766, 174767, 174768, 174771, 174773, 174774, 174775, 174776, 174777, 174778, 174779, 174780, 174781, 174782, 174783, 174784, 174785, 174786, 174787, 174788, 174789, 174790, 174791, 174793, 174794, 174795, 174797, 174798, 174799, 174800, 174801, 174802, 174803, 174804, 174805, 174808, 174809, 174810, 174811, 174812, 174816, 174817, 174818, 174819, 174820, 174821, 174822, 174823, 174824, 174825, 174826, 174827, 174828, 174829, 174830, 174831, 174832, 174833, 174834, 174835, 174846, 174847, 174848, 174849, 174850, 174851, 174852, 174853, 174854, 174855, 174856, 174857, 174858, 174859, 174860, 174861, 174862, 174863, 174864, 174865, 174866, 174867, 174868, 174869, 174870, 174871, 174872, 174873, 174874, 174875, 174878, 174879, 174880, 174881, 174882, 174883, 174888, 174889, 174890, 174891, 174892, 174893, 174894, 174895, 174896, 174897, 174898, 174899, 174901, 174902, 174903, 174904, 174905, 174906, 174907, 174908, 174910, 174911, 174912, 174918, 174919, 174920, 174921, 174922, 174923, 174924, 174925, 174926, 174927, 174928, 174929, 174930, 174931, 174932, 174933, 174934, 174935, 174936, 174937, 174938, 174939, 174940, 174941, 174942, 174943, 174944, 174945, 174946, 174947, 174948, 174949, 174950, 174954, 174955, 174956, 174957, 174959, 174960, 174961, 174962, 174963, 174964, 174965, 174966, 174967, 174968, 174969, 174970, 174971, 174972, 174973, 174974, 174975, 174976, 174977, 174978, 174979, 174980, 174981, 174982, 174983, 174984, 174985, 174986, 174989, 174990, 174991, 174992, 174993, 174994, 174995, 174996, 174997, 174998, 174999, 175000, 175002, 175003, 175004, 175005, 175006, 175007, 175008, 175009, 175010, 175011, 175012, 175013, 175014, 175015, 175016, 175017, 175018, 175019, 175020, 175021, 175025, 175026, 175027, 175028, 175031, 175032, 175033, 175034, 175035, 175036, 175037, 175038, 175039, 175040, 175041, 175042, 175043, 175044, 175045, 175046, 175047, 175048, 175049, 175050, 175051, 175052, 175053, 175054, 175055, 175056, 175057, 175058, 175059, 175060, 175061, 175143, 175144, 175145, 175146, 175147, 175148, 175149, 175150, 175151, 175152, 175153, 175154, 175155, 175161, 175162, 175163, 175164, 175165, 175166, 175167, 175168, 175169, 175170, 175171, 175175, 175176, 175178, 175179, 175180, 175190, 175191, 175192, 175197, 175198, 175199, 175200, 175201, 175202, 175203, 175204, 175205, 175206, 175210, 175212, 175214, 175216, 175217, 175220, 175222, 175223, 175224, 175225, 175226, 175227, 175228, 175229, 175230, 175231, 175232, 175233, 175235, 175236, 175239, 175240, 175241, 175242, 175244, 175245, 175247, 175248, 175250, 175251, 175252, 175262, 175263, 175264, 175265, 175266, 175267, 175268, 175269, 175270, 175271, 175272, 175273, 175274, 175275, 175277, 175278, 175279, 175280, 175281, 175282, 175283, 175284, 175285, 175286, 175287, 175288, 175289, 175290, 175291, 175292, 175293, 175294, 175297, 175298, 175299, 175300, 175301, 175302, 175303, 175304, 175305, 175306, 175307, 175308, 175309, 175310, 176484, 176485, 176486, 176487, 176488, 176489, 176490, 176491, 176492, 176493, 176494, 176495, 176496, 176497, 176498, 176499, 176500, 176501, 176502, 176503, 176504, 176505, 176506, 176507, 176508, 176509, 176515, 176516, 176518, 176520, 176522, 176524, 176527, 176528, 176529, 176530, 176531, 176534, 176535, 176537, 176539, 176540, 176541, 176542, 176544, 176545, 176546, 176547, 176550, 176551, 176669, 176670, 176672, 176673, 176674, 176696, 176697, 176698, 176699, 176702, 176703, 176704, 176705, 176713, 176717, 176718, 176719, 176724, 176725, 176726, 176727, 176728, 176729, 176730, 176731, 176732, 176733, 176734, 176735, 176737, 176738, 176739, 176740, 176741, 176742, 176743, 176744, 176745, 176746, 176747, 176748, 176749, 176750, 176751, 176752, 175311, 175312, 175314, 175315, 175316, 175317, 175318, 175319, 175320, 175321, 175322, 175323, 175324, 175330, 175331, 175333, 175334, 175335, 175336, 175337, 175338, 175339, 175340, 175341, 175342, 175348, 175349, 175351, 175352, 175353, 175354, 175355, 175356, 175358, 175359, 175360, 175361, 175362, 175363, 175364, 175423, 175424, 175425, 175427, 175428, 175429, 175430, 175431, 175432, 175433, 175436, 175437, 175438, 175441, 175442, 175443, 175445, 175446, 175471, 175472, 175473, 175474, 175475, 175476, 175477, 175478, 175480, 175481, 175482, 175484, 175489, 175490, 175491, 175492, 175493, 175494, 175495, 175496, 175497, 175498, 175499, 175500, 175501, 175502, 175503, 175504, 175505, 175506, 175507, 175508, 175509, 175510, 175513, 175514, 175515, 175517, 175520, 175521, 175522, 175523, 175524, 175525, 175526, 175527, 175528, 175529, 175530, 175531, 175532, 175533, 175534, 175535, 175537, 175538, 175539, 175540, 175541, 175542, 175543, 175544, 175549, 175550, 175552, 175553, 175554, 175555, 175556, 175557, 175558, 175560, 175561, 175562, 175564, 175566, 175567, 175568, 175569, 175571, 175572, 175583, 175584, 175586, 175587, 175588, 175589, 175591, 175592, 175595, 175596, 175598, 175599, 175600, 175601, 175602, 175603, 175604, 175605, 175606, 175607, 175609, 175610, 175611, 175612, 175626, 175633, 175634, 175635, 175636, 175637, 175638, 175639, 175640, 175641, 175642, 175643, 175644, 175645, 175646, 175647, 175648, 175649, 175650, 175651, 175652, 175668, 175669, 175671, 175672, 175673, 175674, 175675, 175676, 175677, 175678, 175679, 175680, 175681, 175682, 175683, 175684, 175685, 175686, 175687, 175688, 175689, 175690, 175691, 175692, 175693, 175694, 175695, 175696, 175697, 175698, 175699, 175700, 175701, 175702, 175703, 175705, 175707, 175708, 175709, 175710, 175711, 175714, 175715, 175716, 175717, 175718, 175719, 175720, 175721, 175722, 175723, 175724, 175725, 175726, 175727, 175728, 175729, 175730, 175731, 175732, 175733, 175734, 175735, 175736, 175737, 175738, 175739, 175740, 175741, 175742, 175743, 175769, 175811, 175812, 175813, 175815, 175816, 175817, 175818, 175819, 175820, 175821, 175822, 175823, 