
function output = getShots2016()

shots = [164775, 164776, 164777, 164778, 164780, 164786, 164787, 164789, 164790, 164791, 164792, 164793, 164794, 164795, 164796, 164797, 164798, 164799, 164800, 164801, 164802, 164806, 164807, 164808, 164809, 164810, 164811, 164812, 164814, 164815, 164816, 164817, 164818, 164819, 164820, 164824, 164825, 164826, 164827, 164828, 164829, 164830, 164831, 164835, 164836, 164837, 164838, 164839, 164840, 164841, 164842, 164843, 164844, 164845, 164846, 164847, 164848, 164849, 164850, 164851, 164852, 164853, 164854, 164866, 164869, 164870, 164871, 164872, 164873, 164874, 164875, 164876, 164877, 164878, 164879, 164881, 164882, 164883, 164884, 164886, 164892, 164894, 164895, 164896, 164897, 164898, 164899, 164900, 164901, 164902, 164903, 164904, 164905, 164906, 164907, 164910, 164911, 164912, 164913, 164914, 164915, 164916, 164917, 164918, 164919, 164920, 164921, 164922, 164923, 164924, 164925, 164931, 164941, 164956, 164960, 164961, 164962, 164963, 164964, 164965, 164966, 164967, 164971, 164972, 164973, 164974, 164975, 164976, 164977, 164978, 164979, 164980, 164981, 164982, 164983, 164984, 164985, 164986, 164987, 164988, 164989, 164990, 164991, 164992, 164993, 165011, 165012, 165013, 165014, 165015, 165016, 165017, 165018, 165019, 165020, 165021, 165022, 165023, 165024, 165025, 165026, 165027, 165028, 165029, 165030, 165031, 165032, 165033, 165034, 165035, 165037, 165038, 165039, 165040, 165041, 165042, 165043, 165044, 165051, 165052, 165053, 165054, 165055, 165056, 165057, 165058, 165059, 165060, 165061, 165062, 165063, 165064, 165065, 165066, 165067, 165068, 165069, 165070, 165071, 165072, 165073, 165074, 165075, 165076, 165077, 165080, 165086, 165087, 165088, 165089, 165090, 165091, 165092, 165093, 165094, 165095, 165096, 165097, 165098, 165099, 165100, 165102, 165104, 165105, 165106, 165107, 165108, 165109, 165110, 165111, 165113, 165114, 165115, 165116, 165122, 165131, 165135, 165138, 165140, 165144, 165145, 165146, 165147, 165148, 165149, 165150, 165151, 165152, 165153, 165154, 165156, 165157, 165158, 165167, 165168, 165169, 165170, 165171, 165172, 165173, 165174, 165177, 165178, 165179, 165180, 165181, 165182, 165183, 165184, 165185, 165186, 165187, 165188, 165189, 165190, 165191, 165196, 165201, 165204, 165904, 165907, 165908, 165909, 165917, 165918, 165919, 165920, 165921, 165922, 165923, 165924, 165925, 165926, 165927, 165928, 165929, 165932, 165933, 165935, 165937, 165938, 165939, 165940, 165941, 165943, 165944, 165948, 165949, 165950, 165951, 165952, 165955, 165956, 165957, 165958, 165959, 165960, 165961, 165962, 165963, 165964, 165965, 165970, 165981, 165986, 166004, 166007, 166012, 166017, 166018, 166019, 166020, 166021, 166022, 166023, 166024, 166025, 166026, 166027, 166028, 166029, 166031, 166032, 166033, 166034, 166035, 166036, 166037, 166038, 166039, 166040, 166041, 166042, 166043, 166044, 166045, 166046, 166047, 166048, 166050, 166051, 166052, 166053, 166055, 166060, 166061, 166062, 166063, 166064, 166065, 166066, 166067, 166069, 166070, 166071, 166072, 166073, 166074, 166075, 166077, 166078, 166079, 166080, 166081, 166082, 166083, 166084, 166085, 166086, 166087, 166088, 166089, 166091, 166092, 166093, 166094, 166095, 166096, 166097, 166098, 166102, 166103, 166104, 166105, 166106, 166107, 166108, 166109, 166110, 166111, 166113, 166114, 166115, 166116, 166117, 166119, 166121, 166122, 166123, 166124, 166125, 166126, 166127, 166128, 166129, 166130, 166131, 166135, 166136, 166137, 166138, 166139, 166140, 166141, 166142, 166143, 166144, 166145, 166146, 166147, 166151, 166152, 166153, 166154, 166155, 166156, 166157, 166158, 166159, 166160, 166161, 166162, 166163, 166164, 166168, 166169, 166170, 166171, 166172, 166173, 166174, 166175, 166176, 166177, 166178, 166179, 166191, 166192, 166253, 166254, 166255, 166257, 166258, 166261, 166262, 166263, 166265, 166266, 166300, 166301, 166302, 166303, 166304, 166305, 166306, 166307, 166308, 166309, 166310, 166313, 166314, 166316, 166317, 166321, 166324, 166326, 166327, 166328, 166342, 166343, 166344, 166345, 166348, 166349, 166350, 166351, 166352, 166356, 166357, 166358, 166359, 166360, 166363, 166364, 166365, 166387, 166389, 166390, 166391, 166393, 166394, 166396, 166397, 166399, 166400, 166401, 166402, 166403, 166411, 166412, 166413, 166414, 166415, 166417, 166418, 166419, 166422, 166428, 166429, 166430, 166431, 166432, 166433, 166434, 166435, 166436, 166437, 166438, 166439, 166440, 166441, 166442, 166443, 166444, 166445, 166446, 166447, 166448, 166449, 166450, 166451, 166452, 166453, 166454, 166455, 166456, 166457, 166458, 166459, 166460, 166461, 166462, 166463, 166464, 166465, 166466, 166467, 166468, 166469, 166470, 166480, 166481, 166482, 166483, 166484, 166485, 166486, 166487, 166488, 166489, 166490, 166491, 166492, 166493, 166494, 166495, 166496, 166497, 166498, 166499, 166500, 166501, 166502, 166503, 166504, 166505, 166506, 165233, 165235, 165236, 165237, 165238, 165239, 165242, 165243, 165244, 165246, 165247, 165248, 165249, 165250, 165251, 165252, 165253, 165257, 165259, 165260, 165261, 165262, 165263, 165264, 165265, 165284, 165285, 165286, 165287, 165288, 165289, 165294, 165295, 165296, 165297, 165298, 165299, 165300, 165301, 165302, 165303, 165304, 165305, 165306, 165307, 165308, 165309, 165310, 165311, 165312, 165313, 165314, 165315, 165316, 165317, 165318, 165319, 165320, 165321, 165322, 165323, 165324, 165325, 165334, 165335, 165338, 165340, 165341, 165342, 165346, 165349, 165350, 165351, 165352, 165353, 165354, 165355, 165399, 165400, 165401, 165402, 165403, 165404, 165405, 165406, 165407, 165408, 165409, 165410, 165411, 165412, 165413, 165414, 165415, 165416, 165417, 165418, 165419, 165420, 165421, 165427, 165428, 165429, 165430, 165431, 165432, 165433, 165434, 165436, 165437, 165438, 165439, 165440, 165441, 165444, 165445, 165446, 165447, 165448, 165449, 165450, 165451, 165452, 165454, 165455, 165459, 165460, 165461, 165462, 165463, 165464, 165465, 165466, 165467, 165468, 165469, 165470, 165472, 165473, 165474, 165475, 165476, 165477, 165478, 165479, 165480, 165481, 165482, 165483, 165484, 165489, 165490, 165491, 165492, 165493, 165494, 165495, 165496, 165497, 165498, 165499, 165500, 165501, 165502, 165503, 165504, 165505, 165506, 165507, 165508, 165509, 165510, 165511, 165512, 165513, 165514, 165515, 165516, 165524, 165526, 165527, 165528, 165529, 165530, 165531, 165532, 165533, 165534, 165537, 165538, 165539, 165540, 165541, 165542, 165544, 165545, 165546, 165547, 165548, 165549, 165550, 165551, 165552, 165554, 165555, 165559, 165669, 165670, 165671, 165672, 165673, 165675, 165676, 165677, 165678, 165679, 165680, 165682, 165683, 165685, 165686, 165688, 165692, 165707, 165708, 165710, 165711, 165714, 165715, 165716, 165720, 165721, 165722, 165724, 165725, 165726, 165728, 165730, 165731, 165733, 165742, 165743, 165744, 165745, 165746, 165747, 165748, 165749, 165750, 165751, 165752, 165753, 165754, 165756, 165757, 165758, 165759, 165760, 165762, 165766, 165767, 165768, 165769, 165770, 165771, 165772, 165773, 165774, 165821, 165835, 165851, 165852, 165853, 165854, 165855, 165856, 165858, 165859, 165860, 165861, 165862, 165863, 165864, 165865, 165866, 165867, 165868, 165869, 165870, 165871, 165872, 165873, 165874, 165875, 165876, 165884, 165885, 165887, 165888, 165889, 165890, 165891, 165892, 165893, 165894, 165895, 165896, 165897, 165898, 165899, 165901, 166507, 166508, 166509, 166515, 166516, 166517, 166518, 166519, 166520, 166521, 166522, 166523, 166524, 166525, 166526, 166527, 166529, 166530, 166531, 166532, 166533, 166534, 166535, 166536, 166537, 166538, 166539, 166540, 166541, 166542, 166543, 166549, 166550, 166551, 166552, 166553, 166554, 166555, 166556, 166557, 166559, 166560, 166562, 166563, 166564, 166565, 166566, 166567, 166568, 166569, 166571, 166572, 166573, 166574, 166575, 166576, 166577, 166578, 166579, 166580, 166581, 166582, 166583, 166584, 166585, 166595, 166596, 166597, 166598, 166599, 166600, 166601, 166602, 166603, 166604, 166605, 