
function output = getShots2017()

shots = [169967, 169968, 169969, 169970, 169971, 169973, 169974, 169975, 169976, 169977, 169978, 169979, 169981, 169988, 169989, 169990, 169992, 169993, 169994, 169995, 169996, 169997, 169998, 169999, 170000, 170001, 170002, 170003, 170004, 170005, 170006, 170007, 170008, 170009, 170011, 170012, 170013, 170014, 170015, 170016, 170017, 170018, 170019, 170020, 170021, 170036, 170037, 170038, 170039, 170040, 170041, 170042, 170043, 170044, 170045, 170046, 170047, 170053, 170054, 170060, 170061, 170062, 170063, 170064, 170065, 170066, 170067, 170068, 170069, 170070, 170071, 170072, 170073, 170074, 170075, 170076, 170077, 170078, 170079, 170080, 170084, 170085, 170086, 170089, 170090, 170091, 170092, 170094, 170095, 170096, 170097, 170098, 170104, 170105, 170106, 170107, 170109, 170110, 170111, 170112, 170113, 170114, 170120, 170121, 170122, 170123, 170124, 170125, 170126, 170127, 170145, 170146, 170147, 170148, 170149, 170150, 170151, 170152, 170153, 170154, 170155, 170156, 170157, 170158, 170159, 170160, 170161, 170162, 170163, 170164, 170165, 170166, 170167, 170168, 170169, 170170, 170171, 170172, 170173, 170174, 170175, 170176, 170177, 170178, 170179, 170180, 170187, 170188, 170189, 170190, 170191, 170192, 170193, 170194, 170195, 170196, 170197, 170198, 170199, 170200, 170201, 170202, 170203, 170204, 170205, 170206, 170207, 170208, 170209, 170210, 170211, 170212, 170213, 170214, 170215, 170216, 170217, 170218, 170219, 170220, 170221, 170222, 170223, 170224, 170225, 170226, 170227, 170234, 170235, 170236, 170237, 170238, 170239, 170240, 170241, 170242, 170243, 170244, 170245, 170247, 170248, 170249, 170250, 170251, 170253, 170254, 170255, 170256, 170257, 170258, 170259, 170260, 170261, 170265, 170266, 170267, 170268, 170269, 170270, 170271, 170272, 170273, 170274, 170275, 170276, 170277, 170278, 170279, 170281, 170282, 170283, 170284, 170285, 170286, 170287, 170288, 170290, 170291, 170292, 170293, 170294, 170295, 170296, 170297, 170298, 170299, 170300, 170301, 170302, 170303, 170304, 170305, 170306, 170313, 170314, 169281, 169282, 169283, 169285, 169287, 169288, 169290, 169292, 169293, 169294, 169296, 169300, 169301, 169302, 169303, 169304, 169305, 169306, 169307, 169322, 169324, 169325, 169326, 169327, 169328, 169329, 169330, 169331, 169332, 169335, 169336, 169337, 169338, 169341, 169342, 169343, 169344, 169345, 169347, 169352, 169353, 169354, 169355, 169366, 169367, 169368, 169369, 169370, 169371, 169372, 169373, 169374, 169375, 169376, 169377, 169378, 169379, 169380, 169381, 169382, 169383, 169384, 169385, 169387, 169388, 169389, 169390, 169391, 169392, 169406, 169407, 169408, 169409, 169410, 169411, 169412, 169413, 169415, 169416, 169418, 169422, 169423, 169424, 169425, 169426, 169427, 169428, 169429, 169430, 169431, 169432, 169433, 169434, 169435, 169436, 169437, 169438, 169439, 169440, 169441, 169442, 169449, 169450, 169451, 169452, 169453, 169455, 169456, 169457, 169458, 169459, 169460, 169461, 169462, 169463, 169464, 169465, 169466, 169467, 169468, 169469, 169470, 169471, 169472, 169473, 169474, 169475, 169476, 169477, 169478, 169479, 169493, 169494, 169495, 169496, 169497, 169498, 169499, 169500, 169501, 169502, 169503, 169504, 169505, 169506, 169507, 169508, 169509, 169510, 169512, 169513, 169514, 169515, 169516, 169517, 169524, 169525, 169527, 169528, 169529, 169530, 169531, 169532, 169536, 169537, 169538, 169539, 169540, 169541, 169542, 169543, 169544, 169545, 169546, 169547, 169548, 169549, 169550, 169551, 169552, 169553, 169568, 169569, 169570, 169571, 169572, 169573, 169574, 169582, 169583, 169588, 169589, 169590, 169591, 169592, 169593, 169594, 169595, 169596, 169597, 169598, 169599, 169600, 169601, 169602, 169603, 169604, 169605, 169606, 169607, 169608, 169614, 169618, 169631, 169632, 169633, 169634, 169635, 169636, 169638, 169639, 169640, 169644, 169645, 169646, 169691, 169828, 169829, 169830, 169832, 169835, 169836, 169841, 169842, 169843, 169844, 169845, 169846, 169847, 169848, 169849, 169850, 169851, 169852, 169853, 169854, 169855, 169856, 169858, 169859, 169860, 169861, 169862, 169863, 169864, 170349, 170350, 170351, 170352, 170353, 170354, 170355, 170356, 170357, 170358, 170359, 170360, 170361, 170362, 170363, 170364, 170365, 170366, 170367, 170368, 170369, 170370, 170372, 170373, 170374, 170375, 170376, 170377, 170385, 170386, 170387, 170388, 170390, 170391, 170392, 170393, 170394, 170395, 170396, 170397, 170398, 170399, 170400, 170401, 170402, 170403, 170404, 170405, 170406, 170407, 170408, 170409, 170410, 170411, 170412, 170413, 170414, 170415, 170416, 170417, 170418, 170419, 170420, 170427, 170428, 170429, 170430, 170431, 170432, 170433, 170434, 170435, 170436, 170437, 170438, 170439, 170441, 170442, 170444, 170445, 170446, 170447, 170450, 170451, 170452, 170453, 170454, 170455, 170456, 170458, 170459, 170460, 170462, 170466, 170473, 170474, 170475, 170476, 170477, 170478, 170479, 170480, 170481, 170482, 170483, 170484, 170485, 170486, 170487, 170488, 170489, 170490, 170492, 170494, 170495, 170496, 170497, 170498, 170499, 170500, 170501, 170502, 170503, 170504, 170505, 170506, 170507, 170508, 170509, 170510, 170511, 170512, 170513, 170514, 170515, 170518, 170521, 170536, 170539, 170540, 170541, 170543, 170544, 170550, 170551, 170552, 170553, 170554, 170555, 170556, 170557, 170558, 170559, 170560, 170561, 170562, 170563, 170564, 170565, 170566, 170567, 170569, 170570, 170572, 170573, 170574, 170575, 170576, 170577, 170578, 170579, 170580, 170581, 170582, 170583, 170584, 170589, 170590, 170591, 170592, 170593, 170594, 170595, 170596, 170597, 170598, 170599, 170600, 170601, 170602, 170603, 170604, 170605, 170606, 170607, 170608, 170609, 170610, 170611, 170612, 170613, 170614, 170615, 170616, 170617, 170618, 170619, 170620, 170621, 170622, 170623, 170624, 170658, 170659, 170660, 170664, 170666, 170669, 170670, 170671, 170672, 170677, 170678, 170679, 170680, 170683, 170684, 170685, 170686, 170692, 170693, 170694, 170695, 170696, 170697, 170698, 170699, 170700, 170701, 170702, 170703, 170705, 170706, 170707, 170708, 170709, 170710, 170714, 170715, 170716, 170717, 170718, 170719, 170720, 170721, 168778, 168779, 168781, 168782, 168792, 168793, 168794, 168795, 168796, 168797, 168798, 168799, 168800, 168801, 168802, 168803, 168825, 168827, 168829, 168830, 168831, 168832, 168834, 168836, 168837, 168838, 168839, 168841, 168844, 168848, 168852, 168853, 168854, 168855, 168856, 168857, 168858, 168859, 168860, 168861, 168862, 168863, 168864, 168868, 168870, 168871, 168872, 168873, 168874, 168875, 168876, 168877, 168878, 168885, 168886, 168887, 168888, 168889, 168890, 168891, 168892, 168893, 168894, 168895, 168896, 168897, 168898, 168899, 168901, 168902, 168903, 168904, 168905, 168906, 168907, 168908, 168909, 168910, 168911, 168912, 168913, 168914, 168916, 168923, 168924, 168925, 168926, 168927, 168928, 168929, 168930, 168931, 168932, 168933, 168934, 168935, 168936, 168937, 168938, 168939, 168940, 168941, 168942, 168943, 168944, 168945, 168946, 168947, 168948, 168949, 168950, 168951, 168952, 168953, 168954, 168955, 168956, 168957, 168958, 168961, 168962, 168966, 168967, 168968, 168969, 168970, 168971, 168972, 168973, 168974, 168976, 168977, 168978, 168979, 168980, 168981, 168982, 168983, 168984, 168985, 168986, 168987, 168988, 168989, 168990, 168991, 168992, 168993, 168994, 168995, 168996, 168997, 168998, 168999, 169000, 169001, 169002, 169005, 169006, 169007, 169008, 169009, 169010, 169011, 169012, 169013, 169014, 169015, 169016, 169017, 169018, 169019, 169020, 169021, 169022, 169023, 169025, 169026, 169027, 169028, 169029, 169030, 169031, 169032, 169033, 169034, 169035, 169036, 169037, 169038, 169044, 169049, 169050, 169058, 169069, 169070, 169072, 169073, 169074, 169075, 169076, 169078, 169079, 169080, 169084, 169085, 169086, 169087, 169098, 169099, 169100, 169102, 169108, 169112, 169115, 171517, 171518, 171519, 171520, 171521, 171522, 171523, 171524, 171525, 171526, 171527, 171533, 171534, 171535, 