
function shots = getShots2018to2020()

shots = [174574, 174575, 174577, 174578, 174579, 174580, 174582, 174583, 174584, 174585, 174586, 174587, 174589, 174590, 174591, 174592, 174593, 174594, 174595, 174596, 174597, 174601, 174602, 174604, 174605, 174606, 174607, 174608, 174609, 174610, 174611, 174612, 174613, 174614, 174615, 174616, 174617, 174618, 174619, 174620, 174621, 174623, 174624, 174625, 174628, 174629, 174630, 174631, 174632, 174634, 174635, 174636, 174637, 174639, 174641, 174643, 174644, 174650, 174651, 174652, 174653, 174654, 174655, 174656, 174657, 174658, 174659, 174660, 174662, 174663, 174664, 174665, 174666, 174667, 174668, 174669, 174670, 174671, 174672, 174673, 174674, 174675, 174676, 174677, 174678, 174684, 174685, 174686, 174687, 174688, 174689, 174690, 174691, 174692, 174693, 174695, 174696, 174697, 174698, 174699, 174700, 174701, 174702, 174703, 174704, 174705, 174706, 174707, 174708, 174709, 174710, 174711, 174712, 174713, 174714, 174715, 174716, 174717, 174718, 174720, 174721, 174722, 174723, 174724, 174725, 174736, 174737, 174738, 174739, 174740, 174741, 174742, 174743, 174744, 174745, 174746, 174747, 174749, 174750, 174751, 174752, 174753, 174754, 174755, 174756, 174757, 174758, 174759, 174761, 174762, 174763, 174764, 174765, 174766, 174767, 174768, 174771, 174773, 174774, 174775, 174776, 174777, 174778, 174779, 174780, 174781, 174782, 174783, 174784, 174785, 174786, 174787, 174788, 174789, 174790, 174791, 174793, 176331, 176332, 176333, 176335, 176336, 176337, 176338, 176339, 176340, 176342, 176343, 176344, 176345, 176346, 176347, 176348, 176349, 176352, 176353, 176354, 176355, 176356, 176359, 176366, 176367, 176368, 176369, 176370, 176371, 176372, 176373, 176374, 176375, 176376, 176377, 176378, 176379, 176380, 176382, 176383, 176384, 176385, 176386, 176387, 176388, 176389, 176404, 176405, 176406, 176407, 176408, 176409, 176410, 176411, 176412, 176413, 176414, 176415, 176419, 176421, 176422, 176423, 176424, 176425, 176426, 176427, 176428, 176429, 176430, 176431, 176432, 176439, 176440, 176441, 176442, 176443, 176444, 176445, 176446, 176447, 176448, 176449, 176450, 176451, 176452, 176453, 176454, 176455, 176456, 176457, 176458, 176459, 176460, 176462, 176463, 176464, 176465, 176466, 176468, 176469, 176471, 176472, 176473, 176474, 176477, 176484, 176485, 176486, 176487, 176488, 176489, 176490, 176491, 176492, 176493, 176494, 176495, 176496, 176497, 176498, 176499, 176500, 176501, 176502, 176503, 176504, 176505, 176506, 176507, 176508, 176509, 176515, 176516, 176518, 176520, 176522, 176524, 176527, 176528, 176529, 176530, 176531, 176534, 176535, 176537, 176539, 176540, 176541, 176542, 176544, 176545, 176546, 176547, 176550, 176551, 176669, 176670, 176672, 176673, 176674, 176696, 176697, 176698, 176699, 176702, 176703, 176704, 176705, 176713, 176717, 176718, 176719, 176724, 176725, 176726, 176727, 176728, 176729, 176730, 176731, 176732, 176733, 176734, 176735, 176737, 176738, 176739, 176740, 176741, 176742, 176743, 176744, 176745, 176746, 176747, 176748, 176749, 176750, 176751, 176752, 176754, 176755, 176756, 176757, 176758, 176759, 176760, 176764, 176766, 176767, 176768, 176769, 176770, 176771, 176772, 176773, 176774, 176775, 176776, 176777, 176778, 176779, 176780, 176787, 176788, 176789, 176790, 176791, 176792, 176793, 176795, 176796, 176797, 176803, 176804, 176805, 176806, 176807, 176808, 176809, 176810, 176811, 176812, 176813, 176814, 176815, 176816, 176817, 176818, 176819, 176820, 176821, 176822, 176826, 176841, 176848, 176849, 176850, 176851, 176852, 176853, 176859, 176866, 176868, 176869, 176870, 176871, 176878, 176879, 176880, 176881, 176882, 176883, 176884, 176885, 176886, 176887, 176888, 179865, 179868, 179869, 179871, 179872, 179873, 179874, 179875, 179877, 179880, 179881, 179882, 179885, 179887, 179888, 179889, 179907, 179908, 179909, 179910, 179911, 179912, 179918, 179919, 179920, 179921, 179922, 179923, 179924, 179925, 179927, 179928, 179929, 179930, 179932, 179933, 179934, 179941, 179943, 179944, 179945, 179948, 179952, 179953, 179954, 179955, 179956, 179957, 179958, 179959, 179960, 179961, 179962, 179963, 179964, 179965, 174794, 174795, 174797, 174798, 174799, 174800, 174801, 174802, 174803, 174804, 174805, 174808, 174809, 174810, 174811, 174812, 174816, 174817, 174818, 174819, 174820, 174821, 174822, 174823, 174824, 174825, 174826, 174827, 174828, 174829, 174830, 174831, 174832, 174833, 174834, 174835, 174846, 174847, 174848, 174849, 174850, 174851, 174852, 174853, 174854, 174855, 174856, 174857, 174858, 174859, 174860, 174861, 174862, 174863, 174864, 174865, 174866, 174867, 174868, 174869, 174870, 174871, 174872, 174873, 174874, 174875, 174878, 174879, 174880, 174881, 174882, 174883, 174888, 174889, 174890, 174891, 174892, 174893, 174894, 174895, 174896, 174897, 174898, 174899, 174901, 174902, 174903, 174904, 174905, 174906, 174907, 174908, 174910, 174911, 174912, 174918, 174919, 174920, 174921, 174922, 174923, 174924, 174925, 174926, 174927, 174928, 174929, 174930, 174931, 174932, 174933, 174934, 174935, 174936, 174937, 174938, 174939, 174940, 174941, 174942, 174943, 174944, 174945, 174946, 174947, 174948, 174949, 174950, 174954, 174955, 174956, 174957, 174959, 174960, 174961, 174962, 174963, 174964, 174965, 174966, 174967, 174968, 174969, 174970, 174971, 174972, 174973, 174974, 174975, 174976, 174977, 174978, 174979, 174980, 174981, 174982, 174983, 174984, 174985, 174986, 174989, 174990, 174991, 174992, 174993, 174994, 174995, 174996, 174997, 174998, 174999, 175000, 175002, 175003, 175004, 175005, 175006, 175007, 175008, 175009, 175010, 175011, 175012, 175013, 175014, 175015, 175016, 175017, 175018, 175019, 175020, 175021, 175025, 175026, 175027, 175028, 175031, 175032, 175033, 175034, 175035, 175036, 175037, 175038, 175039, 175040, 175041, 175042, 175043, 175044, 175045, 175046, 175047, 175048, 175049, 175050, 175051, 175052, 175053, 175054, 175055, 175056, 175057, 175058, 175059, 175060, 175061, 175143, 175144, 175145, 175146, 175147, 175148, 175149, 175150, 175151, 175152, 175153, 175154, 175155, 175161, 175162, 175163, 175164, 175165, 175166, 175167, 175168, 175169, 175170, 175171, 175175, 175176, 175178, 175179, 175180, 175190, 175191, 175192, 175197, 175198, 175199, 175200, 175201, 175202, 175203, 175204, 175205, 175206, 175210, 175212, 175214, 175216, 175217, 175220, 175222, 175223, 175224, 175225, 175226, 175227, 175228, 175229, 175230, 175231, 175232, 175233, 175235, 175236, 175239, 175240, 175241, 175242, 175244, 176889, 176890, 176891, 176892, 176893, 176894, 176895, 176896, 176897, 176898, 176899, 176900, 176901, 176902, 176903, 176904, 176905, 176907, 176908, 176917, 176918, 176919, 176920, 176921, 176922, 176923, 176924, 176925, 176926, 176927, 176928, 176929, 176930, 176931, 176932, 176934, 176935, 176937, 176938, 176940, 176941, 176942, 176943, 176944, 176945, 176946, 176947, 176950, 176951, 176953, 176954, 176956, 176957, 176958, 176959, 176962, 176963, 176964, 176965, 176966, 176967, 176968, 176971, 176972, 176973, 176974, 176975, 176976, 176977, 176978, 176979, 176980, 176983, 176984, 176985, 176986, 176987, 176988, 176989, 176990, 176991, 176992, 176994, 176995, 176996, 176997, 176998, 176999, 177000, 177001, 177002, 177003, 177004, 177005, 177006, 177007, 177008, 177009, 177010, 177011, 177012, 177013, 177014, 177015, 177016, 177017, 177018, 177019, 177020, 177021, 177022, 177059, 179384, 179386, 179388, 179389, 179390, 179391, 179392, 179393, 179394, 179395, 179396, 179397, 179399, 179400, 179401, 179402, 179403, 179404, 179405, 179406, 179407, 179408, 179409, 179410, 179411, 179420, 179424, 179425, 179426, 179427, 179428, 179429, 179430, 179431, 179432, 179434, 179435, 179436, 179438, 179439, 179440, 179442, 179443, 179444, 179445, 179446, 179447, 179448, 179449, 179450, 179451, 179452, 179453, 179454, 179455, 179456, 179461, 179464, 179466, 179469, 179470, 179471, 179472, 179473, 179474, 179475, 179476, 179477, 179478, 179479, 179480, 179481, 179482, 179486, 179487, 179488, 179489,